loc_x,loc_y,loc_z,vel_x,vel_y,vel_z,acc_x,acc_y,acc_z,t,t_total,tick
-747.219238,700.03894,228.417114,0.0,0.0,0.0,0.0,0.0,0.0,0.112151,0.112151,1
-746.485779,700.029053,228.417114,38.755199,-0.522455,0.0,413.897186,-5.579708,0.0,0.093635,0.205786,2
-732.1474,699.835388,228.417114,230.020325,-3.107271,0.0,2047.83252,-27.675039,0.0,0.093399,0.299185,3
-698.455261,699.380371,228.417114,427.849731,-5.778132,0.0,2047.795898,-27.64695,0.0,0.096606,0.395791,4
-636.985779,698.550049,228.417114,599.944702,-8.101844,0.0,1536.693237,-20.749191,0.0,0.11199,0.507781,5
-580.986328,697.807495,228.417114,599.954895,-7.367735,0.0,0.109201,7.864812,0.0,0.093341,0.601122,6
-524.55304,697.515442,228.417114,599.99939,-0.748949,0.0,0.473061,70.370064,0.0,0.094057,0.695179,7
-457.64389,697.636536,228.417114,599.996216,1.919787,0.0,-0.028461,23.931524,0.0,0.111516,0.806694,8
-401.776886,697.85614,228.417114,599.995056,2.557967,0.0,-0.012454,6.853862,0.0,0.093112,0.899807,9
-334.462067,698.161072,228.417114,599.993713,2.788846,0.0,-0.011968,2.057885,0.0,0.112192,1.011999,10
-278.401733,698.425354,228.417114,599.993408,2.845675,0.0,-0.003266,0.608221,0.0,0.093435,1.105434,11
-222.769684,698.690491,228.417114,599.992981,2.865499,0.0,-0.004608,0.213805,0.0,0.092721,1.198155,12
-155.559525,699.012024,228.417114,599.993103,2.87092,0.0,0.00109,0.048391,0.0,0.112018,1.310174,13
-99.576279,699.477173,228.417114,599.939209,8.54978,0.0,-0.577587,60.86084,0.0,0.093309,1.403482,14
-44.110062,700.889587,228.417114,599.719727,18.341602,0.0,-2.373438,105.886772,0.0,0.092474,1.495957,15
22.729378,703.207275,228.417114,599.600037,21.901922,0.0,-1.073771,31.940607,0.0,0.111467,1.607424,16
78.294495,705.291321,228.417114,599.568481,22.754923,0.0,-0.340497,9.204336,0.0,0.092674,1.700098,17
145.074173,707.849609,228.417114,599.556641,23.065281,0.0,-0.106309,2.786441,0.0,0.111382,1.811479,18
200.385529,709.982117,228.417114,599.55365,23.138039,0.0,-0.032418,0.788666,0.0,0.092254,1.903733,19
255.722717,712.119324,228.417114,599.552734,23.163591,0.0,-0.009919,0.276853,0.0,0.092297,1.99603,20
322.496246,714.69989,228.417114,599.55304,23.173693,0.0,0.00274,0.090699,0.0,0.111372,2.107402,21
378.207764,716.853455,228.417114,599.552185,23.176319,0.0,-0.009196,0.028265,0.0,0.092922,2.200324,22
444.577209,719.419067,228.417114,599.55249,23.176693,0.0,0.002757,0.003377,0.0,0.110698,2.311022,23
500.112335,721.565918,228.417114,599.551941,23.177755,0.0,-0.00593,0.01147,0.0,0.092628,2.403649,24
555.580627,723.710388,228.417114,599.55188,23.17989,0.0,-0.00066,0.02307,0.0,0.092516,2.496165,25
622.334595,726.291016,228.417114,599.553101,23.178385,0.0,0.010964,-0.013516,0.0,0.11134,2.607505,26
677.777344,728.434265,228.417114,599.552368,23.177708,0.0,-0.00792,-0.007322,0.0,0.092474,2.699978,27
744.0271,730.995361,228.417114,599.551025,23.176853,0.0,-0.012152,-0.007733,0.0,0.110499,2.810477,28
758.759766,731.564819,228.417114,0.0,0.0,0.0,-6500.820313,-251.302307,0.0,0.092227,2.902704,29
758.759766,731.564819,228.417114,0.0,0.0,0.0,0.0,0.0,0.0,0.092333,2.995038,30
758.759766,731.564819,228.417114,0.0,0.0,0.0,0.0,0.0,0.0,0.114211,3.109248,31
758.759766,731.564819,228.417114,0.0,0.0,0.0,0.0,0.0,0.0,0.091233,3.200481,32
758.759766,731.564819,228.417114,0.0,0.0,0.0,0.0,0.0,0.0,0.093935,3.294416,33
676.954407,748.431702,228.417114,0.0,0.0,0.0,0.0,0.0,0.0,0.092956,0.092956,1
676.954407,748.431702,228.417114,0.0,0.0,0.0,0.0,0.0,0.0,0.110922,0.203877,2
676.954407,748.431702,228.417114,0.0,0.0,0.0,0.0,0.0,0.0,0.09121,0.295088,3
676.954407,748.431702,228.417114,0.0,0.0,0.0,0.0,0.0,0.0,0.110984,0.406072,4
676.954407,748.431702,228.417114,0.0,0.0,0.0,0.0,0.0,0.0,0.092884,0.498956,5
676.954407,748.431702,228.417114,0.0,0.0,0.0,0.0,0.0,0.0,0.093002,0.591958,6
676.954407,748.431702,228.417114,0.0,0.0,0.0,0.0,0.0,0.0,0.111014,0.702972,7
676.954407,748.431702,228.417114,0.0,0.0,0.0,0.0,0.0,0.0,0.092533,0.795506,8
666.884521,749.247375,228.417114,-185.069901,14.989951,0.0,-1694.283569,137.230469,0.0,0.109232,0.904737,9
638.637817,751.535156,228.417114,-377.088959,30.541655,0.0,-2041.350586,165.329834,0.0,0.094065,0.998802,10
593.552124,755.186768,228.417114,-564.979919,45.75816,0.0,-2041.340698,165.319656,0.0,0.092043,1.090845,11
527.112366,760.567688,228.417114,-598.041138,48.432877,0.0,-297.590424,24.075644,0.0,0.111096,1.201941,12
471.860779,765.042236,228.417114,-598.042542,48.433838,0.0,-0.015195,0.010405,0.0,0.092388,1.29433,13
405.390198,770.425476,228.417114,-598.042175,48.430996,0.0,0.003295,-0.025569,0.0,0.111147,1.405477,14
350.317322,774.885376,228.417114,-598.042847,48.430763,0.0,-0.007291,-0.002527,0.0,0.092089,1.497565,15
283.75119,780.276001,228.417114,-598.042114,48.431297,0.0,0.00658,0.004798,0.0,0.111307,1.608872,16
229.581299,784.662964,228.417114,-598.042358,48.434166,0.0,-0.002695,0.03167,0.0,0.090578,1.69945,17
174.11409,789.128784,228.417114,-598.156555,46.998039,0.0,-1.231301,-15.48471,0.0,0.092745,1.792195,18
107.558403,793.501526,228.417114,-599.016235,34.346058,0.0,-7.733301,-113.811607,0.0,0.111166,1.903361,19
52.314014,796.392151,228.417114,-599.250488,29.981861,0.0,-2.540723,-47.334366,0.0,0.092199,1.995561,20
-14.389842,799.607056,228.417114,-599.328064,28.386578,0.0,-0.696993,-14.333125,0.0,0.1113,2.106861,21
-69.848877,802.209473,228.417114,-599.346375,28.004669,0.0,-0.197879,-4.12722,0.0,0.092534,2.199395,22
-125.057198,804.774353,228.417114,-599.368469,27.516979,0.0,-0.239867,-5.294501,0.0,0.092113,2.291508,23
-191.709137,807.352173,228.417114,-599.656189,20.312132,0.0,-2.588088,-64.80883,0.0,0.111171,2.402678,24
-247.695053,809.097717,228.417114,-599.731201,17.963015,0.0,-0.803514,-25.163223,0.0,0.093355,2.496034,25
-313.885345,811.016724,228.417114,-599.75592,17.127605,0.0,-0.223979,-7.569583,0.0,0.110364,2.606398,26
-369.475983,812.591309,228.417114,-599.761719,16.923338,0.0,-0.062558,-2.203828,0.0,0.092688,2.699085,27
-424.888123,814.150391,228.417114,-599.762756,16.852839,0.0,-0.011231,-0.763055,0.0,0.092391,2.791476,28
-492.000641,816.033997,228.417114,-599.763611,16.824614,0.0,-0.007636,-0.252235,0.0,0.111899,2.903376,29
-546.533508,817.563416,228.417114,-599.765259,16.819029,0.0,-0.018124,-0.061422,0.0,0.090924,2.9943,30
-572.410583,818.289063,228.417114,0.0,0.0,0.0,5512.310059,-154.579987,0.0,0.108805,3.103105,31
-572.410583,818.289063,228.417114,0.0,0.0,0.0,0.0,0.0,0.0,0.093617,3.196722,32
-572.410583,818.289063,228.417114,0.0,0.0,0.0,0.0,0.0,0.0,0.109447,3.306169,33
-572.410583,818.289063,228.417114,0.0,0.0,0.0,0.0,0.0,0.0,0.092597,3.398766,34
-572.410583,818.289063,228.417114,0.0,0.0,0.0,0.0,0.0,0.0,0.108911,3.507676,35
-572.410583,818.289063,228.417114,0.0,0.0,0.0,0.0,0.0,0.0,0.092484,3.60016,36
-572.410583,818.289063,228.417114,0.0,0.0,0.0,0.0,0.0,0.0,0.092384,3.692544,37
-606.614624,835.636597,228.417114,0.0,0.0,0.0,0.0,0.0,0.0,0.111938,0.111938,1
-606.614624,835.636597,228.417114,0.0,0.0,0.0,0.0,0.0,0.0,0.093186,0.205124,2
-606.614624,835.636597,228.417114,0.0,0.0,0.0,0.0,0.0,0.0,0.109774,0.314898,3
-606.614624,835.636597,228.417114,0.0,0.0,0.0,0.0,0.0,0.0,0.093202,0.408099,4
-606.614624,835.636597,228.417114,0.0,0.0,0.0,0.0,0.0,0.0,0.094413,0.502512,5
-606.614624,835.636597,228.417114,0.0,0.0,0.0,0.0,0.0,0.0,0.110947,0.613459,6
-605.887207,835.639526,228.417114,38.597672,0.155453,0.0,421.115753,1.696053,0.0,0.091656,0.705114,7
-591.552307,835.696655,228.417114,229.957642,0.917121,0.0,2048.006348,8.151662,0.0,0.093437,0.798552,8
-550.868469,835.798096,228.417114,459.087799,0.794972,0.0,2047.993774,-1.091783,0.0,0.11188,0.910432,9
-498.912811,835.868042,228.417114,599.999756,0.714992,0.0,1521.557129,-0.863621,0.0,0.09261,1.003042,10
-432.127197,835.939331,228.417114,599.999512,0.606744,0.0,-0.002193,-0.972494,0.0,0.11131,1.114352,11
-376.001892,835.994507,250.325333,599.999756,0.585433,563.080688,0.00261,-0.227818,6019.542969,0.093542,1.207894,12
-320.473145,836.048584,298.240417,599.999695,0.584035,472.383698,-0.000659,-0.015107,-979.995544,0.092548,1.300443,13
-253.695572,836.113525,344.745331,599.999695,0.582466,363.313599,0.0,-0.014098,-980.002808,0.111296,1.411738,14
-198.045898,836.167419,374.227234,599.999756,0.581246,272.419128,0.000658,-0.013154,-980.008667,0.092749,1.504487,15
-131.54805,836.23175,398.400574,599.999695,0.579885,163.805954,-0.000551,-0.012277,-979.995239,0.11083,1.615317,16
-75.950554,836.285461,409.371948,599.999756,0.578824,72.996681,0.000659,-0.011458,-979.996948,0.092663,1.70798,17
-20.093529,836.339294,411.920898,599.999756,0.577822,-18.236506,0.0,-0.010757,-979.992676,0.093096,1.801076,18
46.577629,836.403503,403.844299,599.999756,0.576707,-127.132782,0.0,-0.010038,-980.019775,0.111116,1.912192,19
102.072601,836.456848,387.893799,599.999756,0.57584,-217.774597,0.0,-0.009368,-980.005249,0.092491,2.004683,20
157.782959,836.510315,363.448883,599.999695,0.575024,-308.76825,-0.000657,-0.008796,-979.989746,0.092852,2.097535,21
224.356659,836.574036,323.156616,599.999756,0.574112,-417.50531,0.00055,-0.008211,-979.999939,0.110956,2.208491,22
280.077637,836.627319,280.157623,599.999756,0.573401,-508.516205,0.0,-0.007662,-979.974121,0.092871,2.301362,23
346.742828,836.690918,228.446945,600.0,0.572124,0.0,0.002197,-0.011494,4576.663086,0.111111,2.412473,24
402.506744,836.743774,228.446945,599.998962,0.567524,0.0,-0.011164,-0.049493,0.0,0.092941,2.505414,25
458.340332,836.796326,228.446945,599.999329,0.563873,0.0,0.003935,-0.039228,0.0,0.093056,2.59847,26
524.855469,836.858582,228.446945,600.000854,0.562665,0.0,0.013764,-0.010898,0.0,0.110857,2.709327,27
580.533813,836.910706,228.446945,599.998535,0.560555,0.0,-0.024994,-0.022745,0.0,0.092796,2.802123,28
647.13324,836.9729,228.446945,599.99823,0.561162,0.0,-0.002749,0.00547,0.0,0.110998,2.913121,29
683.693481,837.007141,228.446945,126.852699,0.119353,0.0,-5069.680176,-4.733909,0.0,0.093328,3.00645,30
684.637634,837.008057,228.446945,0.0,0.0,0.0,-1356.905151,-1.276687,0.0,0.093487,3.099936,31
684.637634,837.008057,228.446945,0.0,0.0,0.0,0.0,0.0,0.0,0.110907,3.210843,32
684.637634,837.008057,228.446945,0.0,0.0,0.0,0.0,0.0,0.0,0.090895,3.301738,33
684.637634,837.008057,228.446945,0.0,0.0,0.0,0.0,0.0,0.0,0.113224,3.414962,34
684.637634,837.008057,228.446945,0.0,0.0,0.0,0.0,0.0,0.0,0.09227,3.507232,35
684.637634,837.008057,228.446945,0.0,0.0,0.0,0.0,0.0,0.0,0.092567,3.599799,36
684.637634,837.008057,228.446945,0.0,0.0,0.0,0.0,0.0,0.0,0.111134,3.710933,37
-898.05072,793.103149,228.433472,0.0,0.0,0.0,0.0,0.0,0.0,0.111858,0.111858,1
-898.05072,793.103149,228.433472,0.0,0.0,0.0,0.0,0.0,0.0,0.093336,0.205194,2
-897.479797,793.120544,228.433472,34.186531,1.041604,0.0,367.59549,11.199991,0.0,0.093,0.298195,3
-878.707336,793.692627,228.433472,263.216339,8.02099,0.0,2047.114258,62.383152,0.0,0.111879,0.410074,4
-843.587952,794.762695,228.433472,453.663483,13.822631,0.0,2047.053955,62.359936,0.0,0.093035,0.503109,5
-792.008545,796.334473,228.433472,599.722534,18.27459,0.0,1578.777222,48.121979,0.0,0.092514,0.595623,6
-724.948547,798.37793,228.433472,599.721558,18.275139,0.0,-0.008733,0.004913,0.0,0.111818,0.707441,7
-669.127808,800.078674,228.433472,599.720764,18.271326,0.0,-0.008525,-0.040963,0.0,0.093079,0.80052,8
-611.85553,801.823547,228.433472,599.722717,18.273235,0.0,0.020452,0.019993,0.0,0.095497,0.896017,9
-544.923218,803.862854,228.433472,599.720459,18.272001,0.0,-0.020234,-0.011057,0.0,0.111607,1.007624,10
-489.057159,805.564941,228.433472,599.72168,18.272417,0.0,0.013104,0.004464,0.0,0.093153,1.100777,11
-432.613495,807.284668,228.433472,599.721619,18.271639,0.0,-0.000649,-0.008268,0.0,0.094116,1.194893,12
-366.891632,809.28717,228.433472,599.721741,18.273403,0.0,0.001114,0.0161,0.0,0.109587,1.30448,13
-311.508759,810.974609,228.433472,599.720947,18.27146,0.0,-0.008592,-0.021047,0.0,0.092346,1.396826,14
-244.399307,813.019287,228.433472,599.721802,18.27212,0.0,0.007636,0.005897,0.0,0.111902,1.508728,15
-188.668823,814.717285,228.433472,599.721252,18.273333,0.0,-0.005911,0.013054,0.0,0.092928,1.601656,16
-122.095215,816.745667,228.433472,599.721436,18.272526,0.0,0.00165,-0.007268,0.0,0.111006,1.712662,17
-65.633827,818.466125,228.433472,599.721558,18.27433,0.0,0.001297,0.019166,0.0,0.094145,1.806807,18
-11.071944,820.128479,228.433472,599.72168,18.271458,0.0,0.001342,-0.031573,0.0,0.090979,1.897785,19
55.535919,822.157776,228.433472,599.721741,18.272955,0.0,0.00055,0.013481,0.0,0.111065,2.00885,20
111.095009,823.850525,228.433472,599.721863,18.270878,0.0,0.001318,-0.022421,0.0,0.092642,2.101492,21
177.331558,825.868896,228.433472,599.721924,18.27494,0.0,0.000553,0.036784,0.0,0.110445,2.211937,22
232.810226,827.559326,228.433472,599.721802,18.271479,0.0,-0.00132,-0.037422,0.0,0.092508,2.304445,23
287.920135,829.238403,228.433472,599.72229,18.270754,0.0,0.005314,-0.007887,0.0,0.091892,2.396338,24
354.523865,831.267639,228.433472,599.721802,18.273842,0.0,-0.004397,0.027805,0.0,0.111057,2.507395,25
410.15097,832.962708,228.433472,599.721619,18.274986,0.0,-0.001974,0.012338,0.0,0.092754,2.600149,26
424.845917,833.410461,228.433472,0.0,0.0,0.0,-5434.45752,-165.601227,0.0,0.110355,2.710505,27
424.845917,833.410461,228.433472,0.0,0.0,0.0,0.0,0.0,0.0,0.091892,2.802397,28
424.845917,833.410461,228.433472,0.0,0.0,0.0,0.0,0.0,0.0,0.093294,2.895691,29
